{
  "hub": {
    "id": 0,
    "name": "Gudang Pusat",
    "lat": -6.1751,
    "lng": 106.8275
  },
  "customers": [
    {
      "id": 1,
      "name": "Kelapa Gading",
      "lat": -6.1600,
      "lng": 106.8900,
      "package_weight_kg": 3.5
    },
    {
      "id": 2,
      "name": "Pondok Indah",
      "lat": -6.2690,
      "lng": 106.7690,
      "package_weight_kg": 5.0
    },
    {
      "id": 3,
      "name": "Cibubur",
      "lat": -6.3620,
      "lng": 106.8830,
      "package_weight_kg": 2.0
    },
    {
      "id": 4,
      "name": "Tangerang Kota",
      "lat": -6.1780,
      "lng": 106.6300,
      "package_weight_kg": 4.0
    },
    {
      "id": 5,
      "name": "Bekasi Kota",
      "lat": -6.2340,
      "lng": 106.9920,
      "package_weight_kg": 1.5
    },
    {
      "id": 6,
      "name": "Depok",
      "lat": -6.4020,
      "lng": 106.8180,
      "package_weight_kg": 2.5
    },
    {
      "id": 7,
      "name": "Serpong",
      "lat": -6.3170,
      "lng": 106.6660,
      "package_weight_kg": 3.0
    },
    {
      "id": 8,
      "name": "Cempaka Putih",
      "lat": -6.1720,
      "lng": 106.8690,
      "package_weight_kg": 1.0
    },
    {
      "id": 9,
      "name": "Cengkareng",
      "lat": -6.1380,
      "lng": 106.7290,
      "package_weight_kg": 6.0
    },
    {
      "id": 10,
      "name": "BSD",
      "lat": -6.3010,
      "lng": 106.6230,
      "package_weight_kg": 2.0
    },
    {
      "id": 11,
      "name": "Cawang",
      "lat": -6.2430,
      "lng": 106.8580,
      "package_weight_kg": 4.5
    },
    {
      "id": 12,
      "name": "Pasar Minggu",
      "lat": -6.2890,
      "lng": 106.8440,
      "package_weight_kg": 3.5
    }
  ],
  "distance_matrix": [
    [0.0, 12.0, 15.0, 28.0, 35.0, 23.0, 31.0, 38.0, 7.0, 18.0, 40.0, 10.0, 17.0],
    [12.0, 0.0, 24.0, 35.0, 42.0, 15.0, 38.0, 45.0, 8.0, 20.0, 47.0, 10.0, 22.0],
    [15.0, 24.0, 0.0, 32.0, 38.0, 30.0, 25.0, 28.0, 20.0, 25.0, 35.0, 16.0, 12.0],
    [28.0, 35.0, 32.0, 0.0, 18.0, 48.0, 12.0, 14.0, 30.0, 15.0, 16.0, 35.0, 22.0],
    [35.0, 42.0, 38.0, 18.0, 0.0, 55.0, 26.0, 20.0, 38.0, 28.0, 22.0, 40.0, 32.0],
    [23.0, 15.0, 30.0, 48.0, 55.0, 0.0, 42.0, 55.0, 20.0, 35.0, 58.0, 20.0, 32.0],
    [31.0, 38.0, 25.0, 12.0, 26.0, 42.0, 0.0, 18.0, 35.0, 20.0, 10.0, 34.0, 24.0],
    [38.0, 45.0, 28.0, 14.0, 20.0, 55.0, 18.0, 0.0, 40.0, 22.0, 8.0, 42.0, 30.0],
    [7.0, 8.0, 20.0, 30.0, 38.0, 20.0, 35.0, 40.0, 0.0, 15.0, 42.0, 8.0, 18.0],
    [18.0, 20.0, 25.0, 15.0, 28.0, 35.0, 20.0, 22.0, 15.0, 0.0, 25.0, 22.0, 18.0],
    [40.0, 47.0, 35.0, 16.0, 22.0, 58.0, 10.0, 8.0, 42.0, 25.0, 0.0, 44.0, 32.0],
    [10.0, 10.0, 16.0, 35.0, 40.0, 20.0, 34.0, 42.0, 8.0, 22.0, 44.0, 0.0, 14.0],
    [17.0, 22.0, 12.0, 22.0, 32.0, 32.0, 24.0, 30.0, 18.0, 18.0, 32.0, 14.0, 0.0]
  ],
  "params": {
    "fuel_price_per_liter": 5000,
    "compute_cost_per_ms": 50,
    "consumption_full_load": 0.05,
    "consumption_empty": 0.02
  }
}
